0 1 16 47
0 2 46 73
0 3 34 62
0 4 80 47
0 5 30 27
0 6 34 61
0 7 92 4
0 8 15 13
0 9 94 12
0 10 16 36
0 11 98 11
0 12 51 19
0 13 21 90
0 14 3 18
0 15 67 64
0 16 52 42
0 17 29 92
0 18 60 28
0 19 93 29
0 20 83 99
0 21 55 16
0 22 19 51
0 23 4 77
0 24 47 61
0 25 7 73
0 26 16 9
0 27 40 19
0 28 75 86
0 29 59 90
1 2 17 28
1 3 20 14
1 4 50 89
1 5 27 2
1 6 90 87
1 7 80 16
1 8 64 24
1 9 48 52
1 10 31 53
1 11 86 99
1 12 62 13
1 13 97 33
1 14 43 95
1 15 64 79
1 16 90 21
1 17 98 5
1 18 95 9
1 19 80 91
1 20 53 48
1 21 5 56
1 22 83 38
1 23 2 13
1 24 53 42
1 25 10 4
1 26 97 59
1 27 85 15
1 28 70 88
1 29 49 82
2 3 67 3
2 4 53 41
2 5 3 35
2 6 22 22
2 7 58 67
2 8 30 64
2 9 41 52
2 10 1 20
2 11 20 13
2 12 80 88
2 13 44 35
2 14 76 38
2 15 89 1
2 16 82 31
2 17 9 97
2 18 99 75
2 19 33 57
2 20 63 32
2 21 99 84
2 22 27 60
2 23 26 91
2 24 89 74
2 25 69 18
2 26 8 61
2 27 45 13
2 28 45 95
2 29 77 64
3 4 55 13
3 5 77 89
3 6 48 89
3 7 29 71
3 8 35 73
3 9 79 35
3 10 60 51
3 11 17 79
3 12 69 12
3 13 9 8
3 14 9 68
3 15 1 85
3 16 39 98
3 17 23 79
3 18 15 96
3 19 40 10
3 20 57 44
3 21 84 45
3 22 39 61
3 23 47 11
3 24 50 56
3 25 85 19
3 26 95 19
3 27 55 12
3 28 78 85
3 29 27 71
4 5 20 70
4 6 79 73
4 7 10 58
4 8 94 22
4 9 34 56
4 10 10 46
4 11 29 86
4 12 11 2
4 13 48 32
4 14 90 11
4 15 50 88
4 16 36 12
4 17 82 72
4 18 1 14
4 19 1 66
4 20 60 47
4 21 46 94
4 22 69 63
4 23 74 27
4 24 99 4
4 25 45 99
4 26 85 21
4 27 28 45
4 28 30 75
4 29 53 37
5 6 72 78
5 7 62 31
5 8 11 40
5 9 41 92
5 10 74 88
5 11 57 58
5 12 62 30
5 13 74 66
5 14 61 33
5 15 89 97
5 16 3 54
5 17 44 12
5 18 40 79
5 19 23 15
5 20 42 58
5 21 44 50
5 22 50 85
5 23 17 72
5 24 30 67
5 25 54 64
5 26 48 63
5 27 88 27
5 28 26 37
5 29 95 90
6 7 52 6
6 8 32 62
6 9 99 92
6 10 8 72
6 11 36 84
6 12 2 50
6 13 53 32
6 14 94 59
6 15 46 22
6 16 97 38
6 17 44 45
6 18 34 53
6 19 44 2
6 20 2 22
6 21 28 67
6 22 78 2
6 23 38 97
6 24 1 19
6 25 24 56
6 26 4 31
6 27 29 79
6 28 4 77
6 29 80 66
7 8 48 4
7 9 58 55
7 10 21 45
7 11 3 37
7 12 73 38
7 13 57 65
7 14 87 24
7 15 6 62
7 16 54 19
7 17 75 90
7 18 12 41
7 19 6 37
7 20 48 41
7 21 90 68
7 22 1 62
7 23 49 80
7 24 24 67
7 25 42 55
7 26 15 11
7 27 39 22
7 28 58 11
7 29 22 51
8 9 33 60
8 10 92 79
8 11 89 4
8 12 82 5
8 13 69 93
8 14 1 35
8 15 88 51
8 16 87 40
8 17 45 10
8 18 37 28
8 19 31 66
8 20 84 91
8 21 77 34
8 22 43 2
8 23 58 71
8 24 58 46
8 25 56 52
8 26 51 49
8 27 88 48
8 28 4 96
8 29 47 45
9 10 52 46
9 11 97 6
9 12 9 75
9 13 2 36
9 14 84 44
9 15 30 93
9 16 48 85
9 17 83 54
9 18 80 65
9 19 48 10
9 20 82 62
9 21 83 12
9 22 14 78
9 23 96 63
9 24 25 13
9 25 52 28
9 26 67 2
9 27 18 46
9 28 2 57
9 29 24 71
10 11 10 97
10 12 4 55
10 13 46 94
10 14 28 99
10 15 5 72
10 16 57 69
10 17 56 53
10 18 55 4
10 19 6 40
10 20 46 77
10 21 7 42
10 22 70 18
10 23 7 48
10 24 68 9
10 25 34 46
10 26 84 85
10 27 4 49
10 28 68 26
10 29 96 3
11 12 3 40
11 13 14 21
11 14 2 36
11 15 93 99
11 16 47 94
11 17 33 58
11 18 90 66
11 19 89 36
11 20 63 20
11 21 31 55
11 22 30 39
11 23 60 50
11 24 11 4
11 25 89 29
11 26 48 16
11 27 47 89
11 28 87 88
11 29 54 94
12 13 48 40
12 14 10 61
12 15 80 92
12 16 81 6
12 17 81 75
12 18 59 12
12 19 86 92
12 20 57 56
12 21 53 93
12 22 1 14
12 23 34 70
12 24 45 50
12 25 13 49
12 26 30 45
12 27 83 80
12 28 36 99
12 29 87 95
13 14 93 26
13 15 42 91
13 16 65 60
13 17 25 44
13 18 38 24
13 19 18 6
13 20 41 45
13 21 63 28
13 22 46 78
13 23 66 13
13 24 45 20
13 25 48 49
13 26 52 19
13 27 24 83
13 28 37 41
13 29 58 76
14 15 60 28
14 16 31 61
14 17 42 72
14 18 48 70
14 19 29 94
14 20 8 82
14 21 82 97
14 22 94 11
14 23 77 15
14 24 63 38
14 25 52 39
14 26 34 19
14 27 67 73
14 28 20 51
14 29 81 26
15 16 38 16
15 17 28 91
15 18 75 44
15 19 4 3
15 20 57 87
15 21 56 5
15 22 29 71
15 23 34 56
15 24 74 37
15 25 13 93
15 26 38 98
15 27 35 62
15 28 88 5
15 29 38 44
16 17 78 47
16 18 97 65
16 19 74 51
16 20 78 55
16 21 63 14
16 22 62 78
16 23 2 42
16 24 49 67
16 25 24 5
16 26 14 34
16 27 60 18
16 28 32 93
16 29 44 71
17 18 64 70
17 19 62 72
17 20 1 17
17 21 95 12
17 22 35 5
17 23 98 44
17 24 36 41
17 25 50 3
17 26 41 13
17 27 52 34
17 28 16 27
17 29 80 17
18 19 18 30
18 20 71 84
18 21 52 95
18 22 85 65
18 23 90 71
18 24 73 36
18 25 94 55
18 26 55 96
18 27 31 6
18 28 30 92
18 29 57 55
19 20 17 82
19 21 99 3
19 22 72 84
19 23 39 19
19 24 50 36
19 25 65 36
19 26 9 32
19 27 96 9
19 28 73 57
19 29 64 24
20 21 34 59
20 22 27 43
20 23 64 65
20 24 79 10
20 25 57 77
20 26 59 87
20 27 17 67
20 28 90 19
20 29 79 27
21 22 51 17
21 23 24 79
21 24 42 15
21 25 14 23
21 26 50 52
21 27 43 95
21 28 9 61
21 29 71 66
22 23 82 32
22 24 24 44
22 25 36 74
22 26 59 12
22 27 66 95
22 28 2 7
22 29 51 19
23 24 79 57
23 25 50 36
23 26 72 80
23 27 98 80
23 28 40 37
23 29 75 51
24 25 10 74
24 26 25 39
24 27 48 17
24 28 63 82
24 29 22 60
25 26 74 79
25 27 1 5
25 28 49 34
25 29 88 62
26 27 15 58
26 28 71 26
26 29 15 72
27 28 29 77
27 29 42 9
28 29 24 21
